5 0.146525111109875
6 4.297985757061347
7 3.702095903297644
8 0.937121396080900
9 0.386312342275037
10 1.422284951878116
11 1.122090454485787
12 0.205934086270585
13 0.330187739958537
14 0.435646839441502
15 0.394623081186355
16 0.223437943431215
17 0.234359629184068
18 0.164174030017366
19 0.161817753811833
20 0.099545285436266
21 0.099958574451561
22 0.059775885115068
23 0.059716815650363
24 0.033828456733121
25 0.033835347581732
26 0.018261541555714
27 0.018260884628015
28 0.009379642296195
29 0.009379693523660
30 0.004585978817714
31 0.004585975547769
32 0.002134234844449
33 0.002134235015402
34 0.000945412388789
35 0.000945412381466
36 0.000398628867394
37 0.000398628867651
38 0.000159986977429
39 0.000159986977421
40 0.000061117973713
41 0.000061117973712
42 0.000022223972322
43 0.000022223972322
44 0.000007692063381
45 0.000007692063381
46 0.000002534150753
47 0.000002534150753
48 0.000000794676675
49 0.000000794676675
50 0.000000237201216
51 0.000000237201217
52 0.000000067392532
53 0.000000067392534
54 0.000000018225316
55 0.000000018225317
56 0.000000004691447
57 0.000000004691447
58 0.000000001149495
59 0.000000001149495
60 0.000000000268087
61 0.000000000268087
62 0.000000000059514
63 0.000000000059513
64 0.000000000012576
65 0.000000000012576
66 0.000000000002530
67 0.000000000002529
68 0.000000000000484
69 0.000000000000483
70 0.000000000000089
71 0.000000000000088
72 0.000000000000016
73 0.000000000000016
74 0.000000000000003
75 0.000000000000003
76 0.000000000000000
77 0.000000000000000
78 0.000000000000000
79 0.000000000000000
80 0.000000000000000
81 0.000000000000000
82 0.000000000000000
83 0.000000000000001
84 0.000000000000001
85 0.000000000000000
86 0.000000000000000
87 0.000000000000000
88 0.000000000000000
89 0.000000000000000
90 0.000000000000000
91 0.000000000000001
92 0.000000000000002
93 0.000000000000001
94 0.000000000000000
95 0.000000000000001
96 0.000000000000001
97 0.000000000000001
98 0.000000000000000
99 0.000000000000000
100 0.000000000000000
101 0.000000000000001
102 0.000000000000000
103 0.000000000000001
104 0.000000000000001
105 0.000000000000000
106 0.000000000000000
107 0.000000000000000
108 0.000000000000000
109 0.000000000000001
110 0.000000000000001
111 0.000000000000000
112 0.000000000000000
113 0.000000000000001
114 0.000000000000000
115 0.000000000000000
116 0.000000000000001
117 0.000000000000001
118 0.000000000000001
119 0.000000000000000
120 0.000000000000001
121 0.000000000000000
122 0.000000000000002
123 0.000000000000001
124 0.000000000000001
125 0.000000000000001
126 0.000000000000001
127 0.000000000000000
128 0.000000000000000
129 0.000000000000001
130 0.000000000000000
131 0.000000000000000
132 0.000000000000001
133 0.000000000000000
134 0.000000000000001
135 0.000000000000000
136 0.000000000000000
137 0.000000000000001
138 0.000000000000000
139 0.000000000000001
140 0.000000000000000
141 0.000000000000000
142 0.000000000000001
143 0.000000000000000
144 0.000000000000000
145 0.000000000000000
146 0.000000000000001
147 0.000000000000000
148 0.000000000000000
149 0.000000000000001
150 0.000000000000001
151 0.000000000000001
152 0.000000000000000
153 0.000000000000000
154 0.000000000000001
155 0.000000000000001
156 0.000000000000000
157 0.000000000000001
158 0.000000000000001
159 0.000000000000000
160 0.000000000000000
161 0.000000000000001
162 0.000000000000001
163 0.000000000000001
164 0.000000000000000
165 0.000000000000001
166 0.000000000000001
167 0.000000000000001
168 0.000000000000000
169 0.000000000000001
170 0.000000000000000
171 0.000000000000000
172 0.000000000000001
173 0.000000000000000
174 0.000000000000001
175 0.000000000000000
176 0.000000000000000
177 0.000000000000001
178 0.000000000000000
179 0.000000000000000
180 0.000000000000000
181 0.000000000000000
182 0.000000000000001
183 0.000000000000001
184 0.000000000000001
185 0.000000000000001
186 0.000000000000002
187 0.000000000000001
188 0.000000000000001
189 0.000000000000001
190 0.000000000000002
191 0.000000000000002
192 0.000000000000001
193 0.000000000000002
194 0.000000000000000
195 0.000000000000000
196 0.000000000000001
197 0.000000000000000
198 0.000000000000000
199 0.000000000000000
200 0.000000000000000
201 0.000000000000001
202 0.000000000000001
203 0.000000000000002
204 0.000000000000000
205 0.000000000000000
206 0.000000000000000
207 0.000000000000001
208 0.000000000000001
209 0.000000000000001
210 0.000000000000001
211 0.000000000000001
212 0.000000000000000
213 0.000000000000001
214 0.000000000000001
215 0.000000000000000
216 0.000000000000001
217 0.000000000000001
218 0.000000000000000
219 0.000000000000000
220 0.000000000000001
221 0.000000000000001
222 0.000000000000000
223 0.000000000000000
224 0.000000000000001
225 0.000000000000001
226 0.000000000000001
227 0.000000000000001
228 0.000000000000001
229 0.000000000000000
230 0.000000000000001
231 0.000000000000002
232 0.000000000000000
233 0.000000000000000
234 0.000000000000000
235 0.000000000000000
236 0.000000000000001
237 0.000000000000001
238 0.000000000000000
239 0.000000000000001
240 0.000000000000001
241 0.000000000000001
242 0.000000000000002
243 0.000000000000002
244 0.000000000000001
245 0.000000000000001
246 0.000000000000001
247 0.000000000000000
248 0.000000000000000
249 0.000000000000002
250 0.000000000000001
251 0.000000000000000
252 0.000000000000001
253 0.000000000000000
254 0.000000000000001
255 0.000000000000000
256 0.000000000000001
257 0.000000000000001
258 0.000000000000000
259 0.000000000000001
260 0.000000000000002
261 0.000000000000001
262 0.000000000000001
263 0.000000000000001
264 0.000000000000001
265 0.000000000000000
266 0.000000000000000
267 0.000000000000000
268 0.000000000000001
269 0.000000000000001
270 0.000000000000001
271 0.000000000000001
272 0.000000000000002
273 0.000000000000000
274 0.000000000000001
275 0.000000000000000
276 0.000000000000000
277 0.000000000000002
278 0.000000000000001
279 0.000000000000002
280 0.000000000000001
281 0.000000000000001
282 0.000000000000001
283 0.000000000000002
284 0.000000000000001
285 0.000000000000001
286 0.000000000000001
287 0.000000000000000
288 0.000000000000000
289 0.000000000000001
290 0.000000000000000
291 0.000000000000001
292 0.000000000000000
293 0.000000000000000
294 0.000000000000001
295 0.000000000000000
296 0.000000000000001
297 0.000000000000000
298 0.000000000000001
299 0.000000000000000
300 0.000000000000001
301 0.000000000000001
302 0.000000000000002
303 0.000000000000002
304 0.000000000000000
305 0.000000000000000
306 0.000000000000001
307 0.000000000000001
308 0.000000000000001
309 0.000000000000001
310 0.000000000000001
311 0.000000000000002
312 0.000000000000000
313 0.000000000000001
314 0.000000000000001
315 0.000000000000001
316 0.000000000000000
317 0.000000000000001
318 0.000000000000000
319 0.000000000000000
320 0.000000000000002
321 0.000000000000002
322 0.000000000000000
323 0.000000000000001
324 0.000000000000000
325 0.000000000000000
326 0.000000000000001
327 0.000000000000001
328 0.000000000000001
329 0.000000000000001
330 0.000000000000002
331 0.000000000000001
332 0.000000000000002
333 0.000000000000002
334 0.000000000000000
335 0.000000000000000
336 0.000000000000001
337 0.000000000000002
338 0.000000000000002
339 0.000000000000000
340 0.000000000000000
341 0.000000000000000
342 0.000000000000000
343 0.000000000000001
344 0.000000000000002
345 0.000000000000001
346 0.000000000000000
347 0.000000000000002
348 0.000000000000001
349 0.000000000000000
350 0.000000000000002
351 0.000000000000003
352 0.000000000000001
353 0.000000000000000
354 0.000000000000000
355 0.000000000000002
356 0.000000000000001
357 0.000000000000001
358 0.000000000000001
359 0.000000000000000
360 0.000000000000001
361 0.000000000000001
362 0.000000000000002
363 0.000000000000002
364 0.000000000000001
365 0.000000000000000
366 0.000000000000002
367 0.000000000000002
368 0.000000000000000
369 0.000000000000001
370 0.000000000000002
371 0.000000000000000
372 0.000000000000001
373 0.000000000000001
374 0.000000000000002
375 0.000000000000003
376 0.000000000000001
377 0.000000000000000
378 0.000000000000001
379 0.000000000000001
380 0.000000000000001
381 0.000000000000000
382 0.000000000000000
383 0.000000000000001
384 0.000000000000004
385 0.000000000000003
386 0.000000000000000
387 0.000000000000001
388 0.000000000000001
389 0.000000000000002
390 0.000000000000001
391 0.000000000000000
392 0.000000000000002
393 0.000000000000003
394 0.000000000000001
395 0.000000000000002
396 0.000000000000001
397 0.000000000000002
398 0.000000000000000
399 0.000000000000000
400 0.000000000000001
401 0.000000000000001
402 0.000000000000001
403 0.000000000000002
404 0.000000000000002
405 0.000000000000002
406 0.000000000000000
407 0.000000000000000
408 0.000000000000002
409 0.000000000000001
410 0.000000000000001
411 0.000000000000000
412 0.000000000000001
413 0.000000000000001
414 0.000000000000002
415 0.000000000000002
416 0.000000000000001
417 0.000000000000002
418 0.000000000000002
419 0.000000000000000
420 0.000000000000000
421 0.000000000000000
422 0.000000000000004
423 0.000000000000005
424 0.000000000000000
425 0.000000000000000
426 0.000000000000001
427 0.000000000000002
428 0.000000000000001
429 0.000000000000000
430 0.000000000000002
431 0.000000000000003
432 0.000000000000000
433 0.000000000000002
434 0.000000000000001
435 0.000000000000000
436 0.000000000000002
437 0.000000000000002
438 0.000000000000001
439 0.000000000000000
440 0.000000000000001
441 0.000000000000001
442 0.000000000000000
443 0.000000000000001
444 0.000000000000001
445 0.000000000000000
446 0.000000000000002
447 0.000000000000001
448 0.000000000000002
449 0.000000000000002
450 0.000000000000002
451 0.000000000000002
452 0.000000000000001
453 0.000000000000001
454 0.000000000000002
455 0.000000000000002
456 0.000000000000002
457 0.000000000000001
458 0.000000000000001
459 0.000000000000000
460 0.000000000000001
461 0.000000000000000
462 0.000000000000002
463 0.000000000000000
464 0.000000000000002
465 0.000000000000000
466 0.000000000000002
467 0.000000000000000
468 0.000000000000001
469 0.000000000000001
470 0.000000000000000
471 0.000000000000002
472 0.000000000000002
473 0.000000000000001
474 0.000000000000002
475 0.000000000000001
476 0.000000000000004
477 0.000000000000003
478 0.000000000000000
479 0.000000000000000
480 0.000000000000001
481 0.000000000000001
482 0.000000000000002
483 0.000000000000000
484 0.000000000000004
485 0.000000000000001
486 0.000000000000001
487 0.000000000000002
488 0.000000000000001
489 0.000000000000000
490 0.000000000000002
491 0.000000000000001
492 0.000000000000000
493 0.000000000000001
494 0.000000000000000
495 0.000000000000002
496 0.000000000000003
497 0.000000000000000
498 0.000000000000002
499 0.000000000000002
