26642
10604
26154
13944
22313
4282
24523
21309
6956
20476
29028
23703
16364
11665
19048
31873
24201
22760
11291
16511
6791
17218
28488
22658
29988
30138
4658
15628
27369
2179
25294
148
3968
8050
6447
20524
7109
4028
30274
26465
8735
4864
15035
31587
23825
11144
2639
24934
19468
7628
3876
29767
4744
9015
29062
32115
19795
14894
30683
9477
21032
14159
25305
11566
3459
31734
23030
31962
29364
30214
31776
15760
12850
19686
26799
4250
10803
24521
21656
8039
17785
31027
32739
2861
15471
23481
8031
32722
27764
3080
3732
28173
14711
31784
24057
12489
11716
31746
4455
8650
